-16744448
-16744448
-16613120
-16744448
-16744448
-16547584
-16613120
-16744448
-16744448
-16678912
-16481792
-16678656
-16678912
-16744448
-16678656
-16678912
-16744448
-16416256
-16350464
-14643200
-16022272
-14052096
-15562496
-16744448
-16744448
-16744448
-16744448
-16022016
-24576
-29952
-4608
-1280
-54784
-40960
-59904
-60160
-65024
-65280
-64256
-4864
-256
-3840
-2048
-6912
-1280
-3584
-459776
-1280
-16613120
-16744448
-13921024
-15037184
-14774528
-14315008
-15825152
-16416256
-9981184
-5581568
-2101504
-13527040
-16744448
-16744448
-16744448
-16744448
-16744448
-16744448
-16744448
-16744448
-16678656
-16744448
-16744448
-16678912
-16744448
-16744448
-16678912
-16744448
-16744448
-16744448
-59648
-52992
-59136
-43520
-22784
-39168
-16896
-591360
-4352
-7485952
-18176
-262912
-3072
-65536
-65280
-64256
-64000
-65280
-64000
-65536
-65280
-65280
-64256
-65536
-65536
-65536
-65536
-65536
-65536
-64512
-64768
-65536
-65536
-62720
-65280
-65536
-65536
-65536
-65024
-65536
-65536
-65536
-65536
-65536
-65536
-65024
-512
-1024
-4864
-2304
-512
-656896
-328704
-3152128
-853760
-985088
-4859392
-525568
-768
-1050880
-8704
-4005632
-3677440
-5253376
-2232832
-5187584
-5778688
-3546112
-3742976
-3086336
-5384704
-1773056
-3217664
-1707520
-6960640
-8536576
-8339456
-8470784
-16547584
-15431168
-16416256
-16547584
-9915392
-10178048
-16744448
-16744448
-16744448
-5632
-722688
-16384
-1536
-3742976
-26624
-45568
-6369536
-16744448
-16744448
-16744448
-16744448
-16744448
-16744448
-16744448
-16744448
-65024
-60416
-65280
-65536
-65536
-61696
-64768
-11520
-6144
-2758144
-1313536
-16547328
-4596736
-3840
-3152128
-512
-1248000
-7936
-6912
-15890688
-41984
-14848
-25344
-8704
-65280
-65024
-65280
-65280
-64256
-65536
-65536
-65536
-65280
-64000
-64256
-64256
-63744
-64256
-64000
-64000
-64000
-64000
-64512
-64256
-64512
-64768
-64512
-25344
-27648
-23552
-32512
-41728
-27392
-37632
-20992
-35072
-19200
-40704
-64256
-63488
-56064
-62720
-58880
-62464
-41728
-63488
-59136
-58624
-60416
-60416
-62464
-63488
-65536
-65536
-65536
-65280
-65280
-65536
-65536
-65280
-65280
-65024
-65536
-65536
-65536
-65536
-65536
-47872
-50176
-52480
-46592
-52992
-55552
-46848
-44032
-42752
-41216
-63232
-65280
-55552
-59392
-65280
-61184
-64256
-64512
-64512
-65024
-64256
-65024
-64256
-57344
-58368
-65280
-64256
-64768
-64512
-63488
-65536
-65280
-64256
-4530944
-6435328
-7617280
-4859392
-10834688
-8273920
-1707520
-3874304
-66048
-1116416
-2035968
-3072
-14336
-9728
-37376
-3217664
-394240
-6144
-1379072
-1707520
-2364160
-2692352
-4136960
-3874304
-12147968
-8864768
-6238208
-65280
-65536
-64512
-65024
-62976
-49664
-38912
-43776
-58368
-54016
-58624
-60672
-31744
-50688
-39936
-12544
-7168
-51712
-54528
-65536
-39424
-54528
-64256
-65280
-65024
-65536
-65024
-65536
-16678656
-16744448
-16744448
-16744448
-15759360
-14183424
-14052352
-15365376
-16284672
-15562496
-14774528
-16678912
-13789696
-13723904
-11819776
-14643200
-16744448
-16744448
-14971392
-13395712
-13198592
-14577408
-13986560
-16547328
-15037184
-13264384
-11951104
-12739072
-12016640
-15693824
-15825152
-15037184
-15496704
-16744448
-16744448
-16678912
-16744448
-16481792
-15890944
-15365632
-16744448
-65280
-65536
-47360
-65536
-65536
-65536
-65536
-65536
-60928
-57344
-60416
-65024
-65536
-65280
-65280
-65536
-61696
-60416
-64768
-57600
-52480
-53248
-43008
-41216
-43520
-41216
-40960
-65024
-65536
-64000
-65536
-65536
-65536
-65536
-65536
-65536
-65536
-65280
-65536
-65536
-65536
-65536
-65536
-65536
-65536
-65536
-65536
-65280
-65536
-65536
-65280
-65536
-65536
-65536
-65536
-65280
-65536
-52992
-64512
-1024
-61184
-65280
-6144
-1024
-57856
-64768
-65280
-64768
-256
-512
-1707520
-919552
-1444864
-2101504
-591104
-512
-66048
-2816
-4005632
-256
-2955264
-2692608
-256
-3546112
-23296
-60672
-40192
-51456
-49920
-59904
-59136
-64000
-14708992
-7485952
-15956480
-14380544
-525568
-6041344
-9718528
-7617280
-7420160
-65536
-62720
-65536
-65280
-62464
-65536
-65536
-65536
-65536
-65536
-22016
-53248
-57600
-58880
-54528
-60672
-60416
-52224
-64512
-51200
-64512
-63488
-63232
-57856
-64256
-63232
-62208
-59904
-65536
-65536
-65024
-51456
-64512
-65280
-62720
-62976
-40192
-63488
-63744
-52736
-7748608
-5975552
-11228672
-12082176
-10637568
-12673280
-15431168
-15365632
-15759360
-3611648
-262912
-256
-13395712
-16678912
-16744448
-16284672
-16744448
-15496704
-16744448
-16744448
-20480
-512
-256
-11520
-18688
-53760
-60928
-50688
-46080
-55040
-56576
-65792
-1024
-18432
-66048
-2561024
-1024
-4596736
-65792
-64768
-65536
-65024
-65536
-64256
-65280
-65536
-65536
-65536
-65536
-65536
-65536
-65536
-65536
-61952
-65536
-65280
-65536
-2035712
-6960640
-5318912
-656896
-12032
-26880
-2955008
-8733440
-7168
-5632
-9455872
-14708992
-1248000
-8208128
-16022272
-16744448
-14577664
-16678656
-16744448
-14577408
-12804608
-16678912
-16284672
-6304000
-11228672
-34816
-59904
-15616
-256
-7223296
-12541952
-3328
-47104
-57088
-61440
-65280
-65536
-10834688
-4859392
-16547584
-8273920
-16744448
-16744448
-16481792
-14971648
-15299840
-7945472
-13198592
-16284672
-16744448
-16744448
-16284672
-65792
-460032
-21248
-26880
-16744448
-16219136
-9258752
-10900480
-16678656
-62208
-55040
-15628288
-7748608
-768
-9784064
-32256
-3152128
-6656
-16547584
-15168512
-8930560
-16744448
-512
-16416000
-16744448
-6369536
-15890688
-13329920
-16547584
-16350464
-16744448
-15628288
-16481792
-16678912
-7814144
-62720
-8448
-33792
-15168512
-788224
-32000
-15496704
-9521408
-16744448
-16744448
-16416256
-15759616
-6144
-1792
-4071424
-7288832
-4864
-1182208
-3874304
-5647360
-16416000
-9718528
-3584
-12800
-4465408
-256
-985088
-11819520
-1773312
-16678912
-3152128
-14183680
-16678656
-16678656
-65536
-21760
-65280
-38656
-56320
-54272
-24832
-65280
-58368
-65536
-65536
-14577408
-16678912
-4793600
-12016640
-1024
-256
-11819776
-16416000
-16744448
-16744448
-14183424
-13132800
-16350464
-16744448
-16744448
-16744448
-16153600
-16744448
-3808768
-5581824
-9718528
-15890944
-14183680
-16547584
-6960640
-13921024
-7748608
-16547584
-11163136
-16416256
-16613120
-16744448
-16481792
-16678912
-16547328
-16744448
-14117888
-4728064
-15431168
-4137216
-16087808
-12804608
-42240
-65024
-13056
-53504
-1536
-13056
-59136
-59904
-65280
-65536
-65536
-65280
-65536
-62208
-65280
-63488
-65280
-65536
-256
-5910016
-17408
-65792
-41472
-26368
-16744448
-15759616
-11622656
-10506496
-16284928
-16481792
-12607744
-2758144
-16744448
-16744448
-16744448
-16547328
-16416000
-12870400
-8076800
-525568
-10496
-31488
-57344
-53248
-58112
-32768
-13824
-328704
-7091968
-45824
-48128
-12345088
-12147968
-3020800
-15759616
-7168
-40448
-65024
-16744448
-64512
-65280
-65536
-65536
-63744
-65536
-39168
-64000
-50944
-19200
-12544
-66048
-2626816
-8996096
-12935936
-16481792
-16744448
-16744448
-16678912
-14774528
-15956480
-13986560
-13264128
-12279296
-11556864
-11753984
-12476416
-51712
-5253376
-4728064
-65536
-65536
-65536
-65280
-66048
-3480320
-14905856
-56576
-65280
-18688
-1641728
-9784064
-7879936
-16744448
-15825152
-16678912
-16744448
-15037184
-4334080
-5450240
-3283456
-4268544
-65536
-34304
-10240
-11520
-64256
-63232
-65280
-59648
-39168
-44800
-63232
-65536
-44032
-65280
-65536
-65024
-65536
-65536
-65280
-62976
-64512
-65536
-65536
-65536
-65024
-61440
-45568
-19200
-65536
-46336
-1280
-62464
-65536
-51968
-50688
-32512
-65536
-56320
-65536
-61440
-24064
-10496
-64256
-65536
-43264
-25344
-64000
-33280
-62464
-65536
-65536
-65536
-65536
-65536
-65024
-65280
-1444864
-62464
-64000
-65280
-63488
-34304
-64256
-64512
-58624
-25600
-262912
-3072
-1313536
-50688
-9061888
-8602112
-14446336
-16744448
-16744448
-13789696
-61184
-65536
-65024
-61184
-65536
-65536
-65024
-64512
-62464
-16744448
-26880
-10769152
-8142592
-64000
-63232
-64256
-65024
-65536
-65280
-34048
-58624
-54016
-52992
-3742976
-16744448
-16744448
-16744448
-3546112
-16022272
-16613120
-16153344
-15234048
-16547584
-16744448
-14446080
-7879936
-15693824
-64256
-46592
-49408
-59904
-62976
-62208
-61696
-58368
-57088
-54528
-64256
-64512
-63744
-65280
-65536
-65536
-65536
-65536
-65536
-65536
-65536
-65536
-65280
-65536
-65536
-65536
-65536
-65536
-65024
-65536
-65536
-65280
-61952
-64512
-57600
-54272
-46336
-48640
-47872
-61440
-28416
-35584
-25344
-42496
-656896
-1444864
-1970176
-262912
-3414784
-3677440
-6894848
-5253376
-8996096
-12213760
-11557120
-11163136
-9915392
-8960
-12288
-2304
-1536
-15616
-256
-197376
-10440704
-16547584
-16284672
-16087808
-16744448
-16744448
-16744448
-15956480
-14249216
-16547584
-15693824
-14314752
-13461248
-15825152
-15693824
-13395712
-10834688
-14971648
-12016640
-8208128
-4662272
-8339456
-1773312
-1116416
-854016
-65792
-2304
-1182208
-4202752
-256
-2101504
-7157504
-10900224
-6304000
-12870400
-14183424
-15168512
-15299840
-16613120
-16350464
-16744448
-16744448
-16744448
-16678912
-15956480
-16547328
-16744448
-15759360
-15102976
-16744448
-16613120
-16744448
-16744448
-16744448
-16678656
-16284928
-16416000
-16350464
-16613120
-16153344
-16416000
-15102976
-13855232
-15759360
-13527040
-16153600
-16284672
-5975808
-1773056
-7945472
-66048
-10178048
-7157504
-4864
-16640
-3072
-25600
-768
-11776
-768
-65792
-4608
-256
-11776
-16128
-7485952
-11491328
-4596736
-12410624
-1838848
-2626816
-16350464
-16744448
-16022272
-16744448
-15234304
-16219136
-16744448
-16744448
-16744448
-16678656
-10637568
-8470784
-6763520
-197120
-4071424
-9849856
-2035968
-256
-16481792
-16678912
-15037184
-10506496
-6304000
-16613120
-16744448
-16744448
-16481792
-15759360
-2035968
-2560
-4136960
-22016
-8536576
-525568
-39680
-45056
-37120
-48384
-31488
-55040
-16384
-7424
-27904
-8192
-37888
-40960
-5122048
-11228672
-1838848
-12476160
-66048
-656896
-16744448
-16744448
-16547584
-16613120
-16022016
-16613120
-15102976
-15234048
-15825152
-11622656
-24064
-41984
-38656
-39680
-4352
-20224
-61184
-14848
-45312
-60672
-256
-4864
-32768
-58112
-59648
-59392
-58368
-58880
-61184
-38144
-24064
-48128
-20992
-54272
-53760
-3020800
-10703360
-262912
-11819776
-2048
-256
-16744448
-16350464
-16678912
-15825152
-16284672
-16744448
-3414784
-5910016
-10046720
-2561280
-65536
-64768
-63232
-40448
-43264
-65536
-61184
-60160
-58880
-60672
-58112
-54528
-54784
-62208
-63232
-62208
-60928
-61440
-62720
-49664
-35328
-56064
-28672
-59392
-57600
-1576192
-9652736
-256
-10506496
-6912
-768
-16744448
-15759360
-16744448
-15759360
-16153600
-16678912
-1280
-919552
-6238208
-985088
-37120
-23040
-53504
-61440
-56320
-62720
-63232
-62208
-58880
-62208
-63232
-52736
-38912
-57600
-29952
-59648
-56576
-656896
-8076800
-1280
-8405248
-10240
-1792
-16744448
-16219136
-16613120
-16547584
-15628032
-16481792
-1024
-2298368
-9390080
-5647360
-768
-4530944
-61184
-60160
-63744
-56064
-49664
-35328
-53760
-24320
-54784
-48128
-262912
-6041344
-2304
-5647360
-9984
-1792
-16744448
-16744448
-16087808
-16744448
-13920768
-15365632
-4136960
-11425792
-15628032
-15299840
-12870144
-16547584
-52480
-42496
-37632
-23552
-40192
-13056
-39424
-28928
-131584
-4005632
-1792
-3283456
-5632
-768
-16022016
-16744448
-13723904
-16284928
-10375168
-12016640
-15628288
-16678656
-16744448
-16744448
-16744448
-16744448
-16744448
-16678656
-16744448
-8536576
-18688
-2560
-460032
-17920
-8704
-18176
-2304
-15360
-4864
-131584
-2495488
-512
-2101504
-1280
-131584
-12607744
-15234048
-9193216
-12804608
-6304000
-7682816
-16744448
-16613120
-16087808
-15759360
-16481792
-16087808
-15693824
-9587200
-7682816
-5450240
-2429696
-656896
-460032
-66048
-1248000
-1904384
-5581568
-8733440
-12147968
-14905856
-6238208
-256
-28160
-54272
-65280
-65536
-65536
-62976
-65536
-65280
-64512
-16744448
-16744448
-16678656
-16744448
-16744448
-15890688
-16022016
-10966016
-12541952
-15365632
-9849600
-10637824
-6369792
-11228672
-6172672
-13723904
-15693824
-16547328
-16744448
-15825152
-16350464
-16744448
-15431168
-131584
-2495488
-5778688
-46592
-2048
-7168
-9984
-6400
-8192
-9728
-9216
-37120
-18432
-10496
-8704
-11520
-33792
-1280
-1280
-768
-256
-3742976
-2429952
-1707520
-1444864
-6238208
-919552
-14840320
-13986560
-5975552
-14774528
-14380544
-14315008
-14183424
-14117888
-13855232
-14577408
-16153600
-16678912
-16744448
-16744448
-16678912
-16744448
-16744448
-16350464
-16416256
-16416256
-16481792
-16547584
-15234304
-10834688
-7748608
-2758144
-16350464
-1707520
-1707520
-6960640
-1444864
-1970176
-15360
-12032
-2304
-1280
-65792
-1313536
-65536
-65536
-65536
-65536
-65536
-65536
-65536
-65536
-65280
-64000
-63744
-62976
-64768
-64000
-60928
-42240
-49408
-12032
-63232
-29952
-65536
-65536
-63232
-65024
-5910016
-16153600
-16416256
-13133056
-16678912
-16744448
-8470784
-2232832
-10506496
-722688
-1536
-7680
-10240
-49920
-30720
-20224
-58112
-62208
-25600
-3584
-52224
-27136
-65792
-4202752
-512
-6238208
-11031808
-13986560
-13527040
-16547328
-16153344
-16153344
-16744448
-16481792
-16678656
-16744448
-16744448
-14249216
-27392
-54784
-10752
-65280
-65536
-65536
-64000
-65280
-65536
-61696
-56832
-65280
-64256
-65536
-65280
-256
-3349248
-9216
-2955008
-34816
-27648
-15759360
-16744448
-14708736
-16744448
-11753984
-14905856
-16744448
-16744448
-16744448
-16022016
-64000
-34560
-65536
-47360
-65536
-65536
-65280
-65536
-58624
-65280
-36096
-57088
-8192
-3611904
-29696
-7485952
-53504
-24576
-16613120
-16744448
-16284672
-16022272
-14774528
-16678912
-8536576
-11360000
-26112
-13855232
-3414784
-65536
-65536
-63744
-62976
-37632
-27136
-65536
-62208
-65536
-35584
-65536
-63232
-131584
-13395456
-3072
-16219136
-15616
-2232832
-16678912
-10112256
-16744448
-256
-16744448
-16022016
-15360
-52480
-11008
-512
-41216
-10240
-13824
-1313536
-5712896
-11753984
-14577408
-29440
-262912
-17408
-11425536
-3840
-4990720
-13921024
-16744448
-12607488
-16547584
-11425792
-16678656
-6894848
-34816
-11031552
-49664
-14643200
-2823680
-15562496
-16416256
-16481792
-16744448
-16678912
-16613120
-15562496
-15037184
-16744448
-16219136
-16481792
-16678912
-16744448
-16678912
-11557120
-16678912
-2692352
-16678912
-12739072
-15360
-65536
-3328
-64768
-256
-32768
-65536
-768
-40192
-62720
-11557120
-10243840
-4136960
-512
-65792
-9984
-14315008
-7814144
-11228672
-1536
-6369536
-256
-2101504
-11520
-1444864
-45824
-591104
-19712
-58624
-58624
-51456
-38656
-48640
-64512
-9472
-4990720
-65536
-60672
-15104
-64512
-63744
-65536
-65536
-65536
-65536
-37120
-44544
-55552
-64768
-63744
-65536
-23552
-46080
-40192
-64512
-53760
-64512
-53504
-64512
-56832
-65536
-60672
-65536
-62720
-24320
-65024
-17920
-65536
-61184
-15037184
-6566656
-16481792
-16744448
-788224
-6500864
-6369536
-15431168
-16481792
-9784064
-12147968
-16744448
-16153344
-15872
-43520
-768
-15360
-2167040
-919552
-65536
-65536
-64000
-64256
-56064
-51968
-65536
-65536
-65536
-65536
-65536
-65536
-65536
-65536
-65536
-65536
-65536
-65536
-65536
-65536
-65536
-64768
-65536
-65536
-48128
-11776
-57856
-18688
-61440
-48640
-9455872
-15299840
-3152128
-9784064
-197120
-1182208
-16744448
-16678656
-16744448
-16678912
-16416000
-15693824
-16350464
-16744448
-16744448
-12410624
-4530944
-12476416
-3328
-328704
-9472
-37888
-49920
-62720
-61952
-64768
-61184
-61696
-45568
-31488
-4352
-788224
-5122048
-12082176
-12410624
-15168512
-15365376
-16678656
-16678912
-12410624
-5647360
-1248000
-3414784
-15759360
-11753984
-16547328
-16416000
-12541952
-14643200
-6912
-512
-36608
-58368
-65536
-65536
-62720
-65280
-55040
-65024
-56320
-16219136
-15496960
-16613120
-13921024
-16219136
-15825152
-16613120
-16678656
-16481792
-15825152
-15956480
-13986560
-15759360
-16087808
-15825152
-15825152
-1536
-6172672
-9258752
-11819776
-13789440
-11294208
-15365632
-6041344
-14774528
-15168512
-14971648
-14971392
-15628032
-15956480
-15956480
-12935936
-8011264
-14315008
-15693824
-15956480
-15825152
-15693824
-15825152
-16087808
-16481792
-15759360
-8930560
-10243840
-15759616
-15037184
-16284672
-16219136
-16284672
-13658368
-16744448
-15102976
-14380544
-14446080
-9521408
-3072
-12476416
-12739072
-16678912
-12870400
-6172672
-5844224
-10440704
-4990720
-12345088
-12541952
-10769152
-15102976
-15825152
-15628032
-16744448
-3349248
-31488
-131584
-256
-131584
-1116672
-66048
-131584
-2955008
-4202752
-3217920
-4005888
-4005632
-3020800
-4071424
-2561024
-3584
-60160
-131584
-65792
-12288
-66048
-10496
-11520
-3072
-12032
-26112
-11776
-8704
-22784
-43008
-17152
-16384
-53504
-32512
-3072
-26112
-25344
-51968
-28160
-65792
-459776
-2692352
-29184
-19456
-12544
-3546112
-197120
-66048
-3940096
-2304
-22016
-256
-29184
-47872
-58368
-55296
-65536
-65024
-65024
-65536
-65024
-65536
-65024
-65280
-65280
-65024
-60416
-65536
-65536
-63744
-57088
-65536
-65280
-52224
-26624
-61440
-32768
-4864
-8192
-50176
-55040
-60672
-65536
-64256
-59392
-65536
-65536
-4096
-256
-25856
-19456
-51200
-61184
-256
-11776
-1641728
-11264
-2692352
-2495488
-62720
-65536
-58112
-65536
-46080
-57088
-64768
-55808
-64768
-21504
-65280
-58880
-57344
-49664
-46592
-6656
-36096
-3840
-65280
-65280
-62720
-62720
-50176
-28672
-65536
-65536
-65024
-65024
-64512
-60928
-62464
-52480
-65280
-51456
-65536
-65536
-42240
-46080
-44288
-63488
-64256
-61952
-56064
-12544
-36096
-59392
-65792
-64512
-58368
-65536
-65280
-64256
-59392
-3677440
-1024
-512
-1024
-27136
-20736
-64768
-65536
-59904
-64768
-42240
-57600
-24576
-656896
-33280
-8733440
-48896
-11264
-4005632
-9258752
-8536576
-16613120
-10440704
-16350464
-7168
-22272
-1444864
-459776
-9455872
-15234048
-53760
-55552
-46080
-49664
-33536
-65536
-57856
-65536
-64256
-64768
-64768
-65536
-65536
-65536
-60160
-53504
-65280
-8448
-56832
-7168
-1313536
-44032
-1116672
-64512
-60928
-65024
-64768
-57600
-64000
-30976
-52992
-2495488
-15628288
-256
-16613120
-18944
-262912
-16744448
-15890688
-16744448
-16744448
-14774528
-5632
-32256
-28160
-44800
-788224
-64768
-1024
-65536
-65536
-64256
-65024
-48384
-65280
-13312
-38400
-7485952
-16678912
-66048
-23040
-768
-20224
-61184
-1024
-65536
-7168
-65280
-65536
-58112
-65536
-25856
-65536
-512
-12800
-2823680
-15956480
-7936
-49152
-29696
-53760
-58112
-1536
-65280
-5376
-65536
-64000
-32768
-64512
-1792
-56064
-2561024
-197120
-16128
-2955008
-56320
-65536
-65280
-65536
-65536
-60416
-65280
-47104
-256
-60160
-256
-64256
-45056
-1024
-34048
-2955008
-6656
-8142592
-5844224
-65280
-57856
-65536
-65536
-59392
-58368
-65536
-65536
-50688
-61440
-21248
-49152
-33792
-50944
-65536
-59392
-65280
-40448
-64512
-45312
-15360
-788224
-28928
-525568
-34048
-4864
-4268288
-65792
-9915392
-3086336
-7485952
-10900224
-52992
-61440
-26368
-31744
-5376
-2560
-65536
-62208
-63488
-52736
-58880
-39936
-51200
-20224
-5632
-5888
-2816
-262912
-3808768
-9216
-256
-459776
-6435328
-8996096
-3086336
-256
-4096
-26624
-24576
-36608
-15616
-11520
-6912
-14336
-512
-394240
-16678656
-16613120
-16744448
-16678656
-16744448
-16481792
-16416000
-14905856
-15431168
-16219136
-15496960
-16613120
-16744448
-16744448
-16744448
-16219136
-16678912
-16744448
-16744448
-15299840
-16744448
-16678656
-16744448
-12673280
-11031808
-4990720
-7814144
-256
-1280
-16350464
-9587200
-11885312
-12082432
-3020800
-3940096
-4399616
-12345088
-14905856
-8930560
-12870400
-15956480
-16547584
-15759616
-16613120
-16744448
-16744448
-16744448
-16744448
-16744448
-16744448
-16744448
-16744448
-16744448
-16613120
-16744448
-16744448
-16481792
-16744448
-16547328
-15628032
-14643200
-15037184
-10243840
-11753984
-7288832
-328448
-256
-512
-16384
-3584
-65792
-11264
-22272
-5910016
-7748608
-2167040
-2495488
-65792
-2560
-15890944
-16547328
-14577664
-16350464
-11556864
-11491328
-16744448
-16744448
-16744448
-16744448
-16744448
-16744448
-16678912
-13855232
-10309376
-15496704
-10440704
-16613120
-2101504
-2101504
-3808768
-722688
-48128
-55040
-56832
-65024
-60672
-40960
-58880
-65280
-8960
-1024
-30464
-14592
-51712
-58624
-12476416
-15890944
-7879936
-15431168
-2035968
-3414784
-7680
-525568
-65536
-65536
-65536
-62720
-65280
-64256
-65536
-57600
-59648
-37888
-65024
-48896
-65536
-65536
-6566656
-14708992
-1313536
-14249216
-2816
-262912
-46336
-53504
-54272
-60672
-65280
-64768
-65536
-53248
-65536
-50688
-65280
-65536
-3743232
-14446336
-131584
-14511872
-8448
-262912
-65024
-65536
-65024
-65536
-64512
-39168
-65280
-19968
-65536
-59136
-5122048
-15168512
-919552
-15365376
-768
-3546112
-16678912
-16744448
-16744448
-55808
-65024
-50688
-15104
-32768
-1280
-33792
-1970176
-27904
-1792
-10769152
-16350464
-7420160
-16547584
-4793856
-12541952
-16219136
-16744448
-16744448
-16678656
-2429696
-9521408
-3940096
-14905856
-6632192
-2626816
-11163136
-13329920
-15825152
-16744448
-15234304
-16744448
-14905856
-16547584
-16350464
-13264384
-16744448
-14905856
-16744448
-16613120
-6238208
-5581568
-15825152
-16613120
-16087808
-16744448
-16744448
-16744448
-16744448
-16416000
-16744448
-16744448
-16153600
-13461248
-16416000
-12147968
-16481792
-13658112
-2561280
-256
-6697984
-8339456
-4793856
-11491328
-14380544
-13855232
-15102976
-15168512
-4005888
-9521408
-11622656
-1904640
-7936
-131584
-525568
-9984
-30208
-23552
-20736
-48128
-15360
-14848
-56576
-61440
-27904
-38656
-14336
-11520
-32768
-36352
-22016
-64768
-62208
-4864
-21248
-17664
-38656
-58624
-65024
-65536
-65536
-62208
-64000
-65536
-57856
-56320
-54528
-49920
-42752
-28416
-12800
-45056
-34816
-15102720
-15234048
-15168512
-8448
-20992
-16384
-16744448
-16744448
-16678912
-16481792
-15956480
-15693824
-16744448
-16744448
-16744448
-16744448
-16744448
-16350464
-16678656
-13723904
-13067264
-15890944
-16416000
-12082432
-8076800
-3349248
-2889472
-4136960
-3874304
-2035968
-1050880
-65792
-18688
-27648
-35584
-33536
-32000
-49408
-64512
-60416
-41216
-47104
-65280
-65536
-65536
-65536
-65536
-65536
-65536
-65536
-65536
-65536
-65536
-65280
-65536
-65536
-65536
-65536
-65536
-65536
-65024
-65280
-62976
-65536
-54528
-59392
-42240
-50944
-50944
-33280
-31488
-32000
-35072
-28160
-9728
-262912
-4137216
-7091968
-7091968
-7879936
-8536576
-11885312
-13592576
-14905856
-14774528
-15890944
-16416256
-16744448
-16744448
-1707520
-3152128
-525568
-131584
-2692352
-2101504
-919552
-27136
-14592
-7936
-8192
-256
-16744448
-16744448
-16087808
-15562496
-16481792
-12476160
-12410624
-16744448
-16678656
-3020800
-4202752
-4990720
-6763520
-5910016
-4268288
-854016
-2035712
-14336
-12544
-2048
-13312
-28928
-512
-15360
-50688
-41728
-65024
-55296
-60160
-62464
-65536
-49920
-62464
-64768
-65536
-9728
-36608
-19456
-49152
-38912
-28160
-60416
-37632
-54272
-54528
-65280
-63232
-55040
-60672
-65280
-65280
-41984
-55808
-58624
-63488
-32000
-39680
-1024
-2560
-18432
-10496
-16128
-34048
-15616
-54272
-61696
-57344
-65280
-47360
-57600
-50944
-63232
-26112
-35072
-53248
-48896
-63232
-65536
-41216
-55552
-65536
-65536
-65536
-62208
-65536
-65536
-65536
-65536
-65536
-57856
-65024
-57856
-65280
-65536
-65280
-65536
-65536
-63488
-45824
-58112
-64512
-65280
-14080
-35072
-256
-56320
-64256
-55040
-65536
-46592
-65280
-64768
-65536
-62208
-60928
-64768
-57856
-56576
-25088
-1510400
-54272
-10496
-25088
-8960
-6912
-6763520
-768
-7288832
-52736
-27136
-55808
-12288
-2816
-2101504
-65536
-65536
-62464
-58624
-51712
-63488
-11776
-65536
-65024
-65536
-54272
-65536
-55552
-61440
-3677440
-2955008
-15956480
-256
-15956480
-16678912
-16678656
-16153600
-16744448
-15234048
-8733440
-15234048
-4924928
-15299840
-16744448
-16744448
-55552
-23552
-66048
-394240
-65280
-65536
-48896
-61696
-28416
-64256
-768
-1379328
-3546112
-35328
-16613120
-13329920
-16744448
-16219136
-3677440
-394240
-262912
-9192960
-16087808
-15628288
-65024
-55296
-65280
-21504
-1379328
-37632
-8864768
-256
-35328
-10309376
-2232832
-65024
-64256
-14446080
-16744448
-16678656
-16744448
-48128
-14080
-65536
-62208
-328448
-11557120
-2816
-14971392
-656896
-46848
-2298368
-63488
-59648
-64256
-16744448
-16678912
-14774528
-16678656
-9216
-460032
-49920
-21248
-5647360
-14840320
-1444864
-15496704
-65280
-64256
-64768
-8470784
-256
-15037184
-13312
-8996096
-768
-8667904
-16744448
-16678912
-16416000
-16744448
-262912
-3940096
-11776
-256
-8273920
-14446336
-4596736
-14643200
-63488
-49408
-65536
-53760
-30208
-26624
-65536
-64256
-65536
-50176
-59648
-256
-14592
-16384
-16416256
-7485952
-7288832
-14840320
-16744448
-16744448
-16744448
-16744448
-15956480
-16087808
-16678912
-16744448
-16547584
-13921024
-16744448
-16678912
-16744448
-16744448
-16416256
-3217664
-8142592
-256
-985088
-12800
-26624
-52224
-52224
-58112
-43520
-40448
-14336
-3584
-722688
-7288832
-12476416
-15890944
-15628032
-16350464
-14840320
-14249216
-65792
-61184
-61184
-55296
-48640
-47104
-43776
-43008
-30720
-47104
-40960
-54272
-59648
-58368
-60416
-59904
-55552
-57856
-60672
-61440
-61440
-45568
-45568
-48384
-60672
-50688
-61184
-47616
-56576
-59136
-64768
-64512
-64512
-64768
-60928
-64768
-64768
-65024
-65280
-65536
-65536
-65536
-65536
-65536
-65536
-60160
-63232
-64512
-60160
-65536
-58880
-60672
-53248
-48896
-59904
-39168
-11520
-5632
-1536
-512
-394240
-2561280
-4859392
-9193216
-1576192
-16613120
-16547584
-16613120
-15496704
-12739072
-16744448
-16744448
-16744448
-1904384
-9587200
-5318912
-3217664
-1444864
-16547328
-16284672
-15168512
-14708736
-11819520
-1379328
-788224
-768
-6912
-2889472
-1280
-17152
-7485952
-4728064
-14052096
-7945472
-12410624
-12213760
-16481792
-15431168
-13329920
-14708736
-16613120
-16481792
-10966016
-14117888
-15628288
-16284672
-4399616
-9521408
-8011264
-13001472
-256
-1248000
-1024
-1904640
-15616
-9216
-46080
-18432
-22784
-31488
-54272
-53248
-23040
-40960
-256
-2816
-2298624
-4399616
-15104
-38656
-6912
-12147968
-10966016
-15431168
-16481792
-8799232
-12935936
-16613120
-16613120
-16744448
-16744448
-16613120
-16744448
-16744448
-16744448
-16744448
-16678656
-16744448
-16678912
-16678912
-16744448
-16744448
-16744448
-16744448
-16678912
-14774528
-16219136
-13986560
-16416256
-16678912
-16744448
-2495488
-6566656
-525568
-4137216
-11688192
-13001472
-27392
-14592
-52224
-2048
-2304
-48640
-58368
-65792
-3328
-7157504
-11950848
-16087808
-15759360
-16744448
-16744448
-14840320
-16613120
-16744448
-16744448
-16087808
-13133056
-16744448
-15890944
-15825152
-14971648
-14117888
-8208128
-14183680
-8667904
-16087808
-14577664
-15234304
-7485952
-12541952
-6960640
-16744448
-16219136
-16744448
-13789696
-6566656
-14840320
-16087808
-16744448
-16744448
-16153600
-13789440
-16744448
-16613120
-11688448
-11622656
-4202752
-262912
-12213760
-4465408
-2429952
-1050880
-66048
-7680
-460032
-5632
-1116672
-256
-1024
-27904
-2048
-19712
-256
-11008
-16678656
-14446080
-14840320
-5975552
-1050880
-15037184
-7879936
-256
-256
-15872
-34560
-131584
-12288
-25856
-32000
-43520
-56832
-35328
-54528
-45824
-49920
-59392
-64768
-54016
-62976
-788224
-394240
-8448
-33792
-38400
-37120
-58624
-63232
-35328
-56832
-62464
-63488
-65024
-65536
-63744
-65536
-65536
-65536
-65536
-65536
-65536
-65536
-60672
-64000
-63744
-65536
-65536
-64256
-65536
-65536
-65536
-65536
-65536
-65536
-65536
-65280
-65536
-65280
-65536
-65536
-64768
-65536
-65536
-65536
-65536
-65536
-65536
-65280
-65280
-64512
-64256
-65280
-64512
-64512
-64512
-65536
-65536
-64256
-63232
-61696
-60928
-61952
-65536
-65536
-65280
-65280
-65280
-65024
-65024
-65536
-65536
-63744
-64000
-62720
-63488
-64256
-64000
-62720
-62208
-65280
-62976
-62208
-62464
-63232
-65536
-65536
-63744
-65536
-65536
-65536
-65536
-64000
-65536
-65280
-65536
-65536
-65536
-65536
-65536
-65536
-65280
-64768
-64512
-64000
-64512
-64768
-65280
-65536
-65536
-65536
-65536
-16744448
-16744448
-16744448
-16678912
-16678912
-16744448
-16744448
-16744448
-16744448
-16678912
-16284672
-16350464
-16481792
-16547584
-16613120
-16744448
-16744448
-5712896
-9521408
-13986560
-15365632
-2823680
-591360
-256
-1116416
-459776
-512
-2232832
-3283456
-34560
-20992
-9728
-1792
-1792
-51968
-49408
-49408
-42240
-35840
-31232
-51712
-54016
-41984
-42240
-46848
-50176
-16678912
-16744448
-16744448
-16744448
-16744448
-16678656
-16744448
-16744448
-16744448
-16678656
-16744448
-16744448
-8142592
-11228672
-8602112
-7354624
-16744448
-16744448
-16744448
-16744448
-16678656
-16547584
-16481792
-16416256
-16087808
-15431168
-16613120
-16284672
-16153344
-15693824
-14905856
-11951104
-14446336
-10966016
-5844224
-4202752
-2101504
-34560
-31488
-23552
-768
-45312
-35584
-50176
-49152
-51456
-48384
-62720
-57600
-61184
-64512
-54528
-32768
-38912
-62208
-58368
-59136
-48640
-51456
-40448
-44032
-19712
-6656
-19712
-656896
-20480
-459776
-2048
-24576
-12032
-23808
-256
-2560
-131584
-722432
-1024
-13395712
-15616
-2048
-8667904
-4924928
-15431168
-6566656
-16087808
-10768896
-16678912
-2561280
-6238208
-2692352
-12410624
-10309376
-13855232
-131584
-1313536
-7945472
-8930560
-4334080
-9061888
-16744448
-16153344
-15037184
-16744448
-13067264
-12541952
-4005632
-12082432
-13855232
-16022272
-12673280
-16613120
-9193216
-15365632
-16219136
-7485952
-6566656
-16744448
-16744448
-16416256
-16744448
-13329920
-15102976
-10243840
-16744448
-16744448
-16744448
-16613120
-16678656
-15956480
-16022016
-16613120
-16022016
-16744448
-16744448
-16744448
-13592576
-15365632
-14380544
-16744448
-16350464
-16744448
-13264384
-14774528
-15037184
-16744448
-15890688
-16678912
-15496704
-16087808
-16547328
-16744448
-16481792
-16744448
-16678912
-16744448
-16744448
-16022272
-16744448
-16678912
-16678912
-14840320
-9784064
-197376
-3072
-512
-39168
-13824
-1024
-44288
-40704
-3742976
-328448
-3940096
-7680
-3584
-23040
-13461248
-8930560
-13986560
-3020800
-3348992
-197376
-16613120
-15825152
-16613120
-11950848
-13526784
-9127424
-16744448
-16744448
-16744448
-15037184
-16416000
-14708992
-16744448
-16744448
-16744448
-14708736
-16678656
-15562496
-16744448
-16613120
-16284672
-10375168
-16416000
-13855232
-15102976
-14577408
-10966016
-1050880
-13592576
-6238208
-7748608
-5450496
-2035968
-14080
-3546112
-1280
-1248000
-131584
-1280
-31232
-60928
-64256
-62976
-65536
-65280
-63488
-65536
-65536
-44800
-58368
-42752
-63744
-64000
-65280
-4096
-22016
-2304
-39168
-43008
-55040
-3546112
-328448
-3546112
-5376
-3072
-17152
-10243840
-6106880
-8799232
-131584
-2035712
-256
-11425792
-8667904
-8076800
-131584
-5187584
-394240
-7288832
-5318912
-2298368
-5120
-3020800
-512
-197376
-256
-7424
-39168
-512
-19968
-25600
-28928
-49664
-63744
-33536
-57088
-57344
-60416
-62464
-65536
-65536
-65280
-65536
-64512
-65024
-65536
-64000
-65280
-65536
-65536
-65536
-65536
-65536
-65024
-61440
-64768
-59136
-65024
-65536
-65536
-34560
-49152
-32512
-57344
-58624
-63488
-8960
-21504
-12032
-42496
-36352
-52480
-4096
-10496
-11520
-38912
-20736
-43264
-13312
-18176
-29696
-49920
-25600
-48128
-43520
-44288
-57600
-62976
-47104
-60416
-64000
-63744
-65536
-65536
-63744
-65536
-65536
-65536
-65536
-65536
-64256
-65024
-64768
-65536
-65024
-65536
-65536
-65536
-65280
-65024
-62464
-62976
-59648
-62720
-61440
-64512
-64768
-65536
-65536
-65536
-65280
